game_data information
turn : 30
main_player : white player

---------------board infor --------------------
player
 0 0 0 0 2 0 0 0
 0 0 0 0 0 0 0 0
 0 0 0 0 0 0 0 0
 0 0 1 0 0 0 0 0
 0 0 0 0 0 0 0 0
 0 0 0 0 0 0 0 0
 0 0 0 0 0 0 0 0
 0 0 0 0 0 0 0 0
wall_w
 0 0 0 0 0 0 0 0
 0 0 0 0 0 0 0 0
 0 0 3 3 0 0 0 0
 0 0 3 3 3 3 3 0
 0 0 0 0 0 0 0 0
 0 0 0 0 0 0 0 0
 0 0 0 0 0 0 0 0
 0 0 0 0 0 0 0 0
wall_h
 0 0 0 0 0 0 0 0
 0 0 0 0 0 0 0 0
 0 0 0 0 0 0 0 0
 0 3 3 0 0 0 0 0
 0 3 3 0 0 0 0 0
 0 0 0 0 0 0 0 0
 0 0 0 0 0 0 0 0
 0 0 0 0 0 0 0 0
num_wall : 6

-----------------player--------------------
player 6
Point x:1787710816, y:1787706544
wall_num : -1073741823
goal_h : 1787705760
player 1787705760
Point x:2, y:3
wall_num : 5
goal_h : 0
